87900093918
88547607328
89198691580
89853359778
90511625050
91173500548
91838999448
92508134950
93180920278
93857368680
94537493428
95221307818
95908825170
96600058828
97295022160
97993728558
98696191438
99402424240
100112440428
100826253490
101543876938
102265324308
102990609160
103719745078
104452745670
105189624568
105930395428
106675071930
107423667778
108176196700
108932672448
109693108798
110457519550
111225918528
111998319580
112774736578
113555183418
114339674020
115128222328
115920842310
116717547958
117518353288
118323272340
119132319178
119945507890
120762852588
121584367408
122410066510
123239964078
124074074320
124912411468
125754989778
126601823530
127452927028
128308314600
129168000598
130031999398
130900325400
131772993028
132650016730
133531410978
134417190268
135307369120
136201962078
137100983710
138004448608
138912371388
139824766690
140741649178
141663033540
142588934488
143519366758
144454345110
145393884328
146337999220
147286704618
148240015378
149197946380
150160512528
151127728750
152099609998
153076171248
154057427500
155043393778
156034085130
157029516628
158029703368
159034660470
160044403078
161058946360
162078305508
163102495738
164131532290
165165430428
166204205440
167247872638
168296447358
169349944960
170408380828
171471770370
172540129018
173613472228
174691815480
175775174278
176863564150
177957000648
179055499348
180159075850
181267745778
182381524780
183500428528
184624472718
185753673070
186888045328
188027605260
189172368658
190322351338
191477569140
192638037928
193803773590
194974792038
196151109208
197332741060
198519703578
199712012770
200909684668
202112735328
203321180830
204535037278
205754320800
206979047548
208209233698
209444895450
210686049028
211932710680
213184896678
214442623318
215705906920
216974763828
218249210410
219529263058
220814938188
222106252240
223403221678
224705862990
226014192688
227328227308
228647983410
229973477578
231304726420
232641746568
233984554678
235333167430
236687601528
238047873700
239414000698
240785999298
242163886300
243547678528
244937392830
246333046078
247734655168
249142237020
250555808578
251975386810
253400988708
254832631288
256270331590
257714106678
259163973640
260619949588
262082051658
263550297010
265024702828
266505286320
267992064718
269485055278
270984275280
272489742028
274001472850
275519485098
277043796148
278574423400
280111384278
281654696230
283204376728
284760443268
286322913370
287891804578
289467134460
291048920608
292637180638
294231932190
295833192928
297440980540
299055312738
300676207258
302303681860
303937754328
305578442470
307225764118
308879737128
310540379380
312207708778
313881743250
315562500748
317249999248
318944256750
320645291278
322353120880
324067763628
325789237618
327517560970
329252751828
330994828360
332743808758
334499711238
336262554040
338032355428
339809133690
341592907138
343383694108
345181512960
346986382078
348798319870
350617344768
352443475228
354276729730
356117126778
357964684900
359819422648
361681358598
363550511350
365426899528
367310541780
369201456778
371099663218
